 temperature Gfe rGfe
0 1.000 -1065.149 81.454
1 20.000 -1065.151 80.403
2 40.000 -1065.153 78.921
3 60.000 -1065.156 77.157
4 80.000 -1065.159 75.147
5 100.000 -1065.163 72.918
6 120.000 -1065.167 70.489
7 140.000 -1065.171 67.873
8 160.000 -1065.175 65.082
9 180.000 -1065.180 62.125
10 200.000 -1065.185 59.008
11 220.000 -1065.190 55.737
12 240.000 -1065.196 52.314
13 260.000 -1065.201 48.744
14 280.000 -1065.207 45.027
15 300.000 -1065.214 41.165
16 320.000 -1065.220 37.158
17 340.000 -1065.227 33.008
18 360.000 -1065.233 28.716
19 380.000 -1065.240 24.281
20 400.000 -1065.248 19.706
21 420.000 -1065.255 14.989
22 440.000 -1065.263 10.132
23 460.000 -1065.271 5.135
24 480.000 -1065.279 0.000
